url_path,views_total,views_unique
/Unity-Technologies/EntityComponentSystemSamples,2790,1421
/Unity-Technologies/EntityComponentSystemSamples/blob/master/EntitiesSamples/Assets/README.md,1568,318
/Unity-Technologies/EntityComponentSystemSamples/tree/master/EntitiesSamples,1051,313
/Unity-Technologies/EntityComponentSystemSamples/tree/master/PhysicsSamples,748,220
/Unity-Technologies/EntityComponentSystemSamples/tree/master,719,318
/Unity-Technologies/EntityComponentSystemSamples/tree/master/EntitiesSamples/Assets,696,196
/Unity-Technologies/EntityComponentSystemSamples/tree/master/NetcodeSamples,539,169
/Unity-Technologies/EntityComponentSystemSamples/blob/master/EntitiesSamples/Assets/HelloCube/README.md,519,125
/Unity-Technologies/EntityComponentSystemSamples/tree/master/PhysicsSamples/Assets,327,90
/Unity-Technologies/EntityComponentSystemSamples/blob/master/EntitiesSamples/Assets/Tutorials/Jobs/README.md,322,80
