url_path,views_total,views_unique
/Unity-Technologies/EntityComponentSystemSamples,3531,1894
/Unity-Technologies/EntityComponentSystemSamples/blob/master/EntitiesSamples/Assets/README.md,2243,452
/Unity-Technologies/EntityComponentSystemSamples/tree/master/EntitiesSamples,1415,397
/Unity-Technologies/EntityComponentSystemSamples/tree/master/EntitiesSamples/Assets,958,257
/Unity-Technologies/EntityComponentSystemSamples/blob/master/EntitiesSamples/Assets/Tutorials/Firefighters/README.md,766,232
/Unity-Technologies/EntityComponentSystemSamples/tree/master/PhysicsSamples,720,209
/Unity-Technologies/EntityComponentSystemSamples/tree/master,692,344
/Unity-Technologies/EntityComponentSystemSamples/tree/master/NetcodeSamples,629,198
/Unity-Technologies/EntityComponentSystemSamples/blob/master/EntitiesSamples/Assets/Tutorials/Tanks/README.md,576,126
/Unity-Technologies/EntityComponentSystemSamples/blob/master/EntitiesSamples/Assets/HelloCube/README.md,544,164
