referrer,views_total,views_unique
Google,1895,364
docs.unity3d.com,1509,316
unity.com,1348,397
discussions.unity.com,1114,221
github.com,668,179
learn.unity.com,307,50
chatgpt.com,222,62
link.zhihu.com,168,95
reddit.com,160,37
youtube.com,144,42
